20214001
20214002
20214003
20214004
20214005
20214006
20214007
20214008
20214009
20214010
20214011
20214012
20214013
20214014
20214015
20214016
20214017
20214018
20214019
20214020
20214021
20214022
20214023
20214024
20214025
20214026
20214027
20214028
20214029
20214030
20214031
20214032
20214033
20214034
20214035
20214036
20214037
20214038
20214039
20214040
20214041
20214042
20214043
20214044
20214045
20214046
20214047
20214048
20214049
20214050
20214051
20214052
20214053
20214054
20214055
20214056
20214057
20214058
20214059
20214060
20214061
20214062
20214063
20214064
20214065
20214066
20214067
20214068
20214069
20214070
20214071
20214072
20214073
20214074
20214075
20214076
20214077
20214078
20214079
20214080
20214081
20214082
20214083
20214084
20214085
20214086
20214087
20214088
20214089
20214090
20214091
20214092
20214093
20214094
20214095