20085001
20085002
20085003
20085004
20085005
20085006
20085007
20085008
20085009
20085010
20085011
20085012
20085013
20085014
20085015
20085016
20085017
20085018
20085019
20085020
20085021
20085022
20085023
20085024
20085025
20085026
20085027
20085028
20085029
20085030
20085031
20085032
20085033
20085034
20085035
20085036
20085037
20085038
20085039
20085040
20085041
20085042
20085043
20085044
20085045
20085046
20085047
20085048
20085049
20085050
20085051
20085052
20085053
20085054
20085055
20085056
20085057