20211001
20211002
20211003
20211004
20211005
20211006
20211007
20211008
20211009
20211010
20211011
20211012
20211013
20211014
20211015
20211016
20211017
20211018
20211019
20211020
20211021
20211022
20211023
20211024
20211025
20211026
20211027
20211028
20211029
20211030
20211031
20211032
20211033
20211034
20211035
20211036
20211037
20211038
20211039
20211040
20211041
20211042
20211043
20211044
20211045
20211046
20211047
20211048
20211049
20211050
20211051
20211052
20211053
20211054
20211055
20211056
20211057
20211058
20211059
20211060
20211061
20211062
20211063
20211064
20211065
20211066
20211067
20211068
20211069
20211070
20211071
20211072
20211073
20211074
20211075
20211076
20211077
20211078
20211079
20211080
20211081
20211082
20211083
20211084
20211085
20211086
20211087
20211088
20211089
20211090
20211091