20081001
20081002
20081003
20081004
20081005
20081006
20081007
20081008
20081009
20081010
20081011
20081012
20081013
20081014
20081015
20081016
20081017
20081018
20081019
20081020
20081021
20081022
20081023
20081024
20081025
20081026
20081027
20081028
20081029
20081030
20081031
20081032
20081033
20081034
20081035
20081036
20081037
20081038
20081039
20081040
20081041
20081042
20081043
20081044
20081045
20081046
20081047
20081048
20081049
20081050
20081051
20081052
20081053
20081054
20081055
20081056
20081057
20081058
20081059
20081060
20081061
20081062
20081063
20081064
20081065
20081066
20081067
20081068
20081069
20081070
20081071
20081072
20081073
20081074
20081075
20081076
20081077
20081078
20081079
20081080
20081081
20081082
20081083
20081084
20081085
20081086
20081087
20081088
20081089
20081090
20081091
20081092
20081093
20081094
20081095
20081096
20081097
20081098
20081099
20081100
20081101
20081102
20081103
20081104
20081105
20081106
20081107
20081108
20081109
20081110
20081111
20081112
20081113
20081114
20081115
20081116
20081117
20081118
20081119
20081120
20081121
20081122
20081123
20081124
20081125
20081126
20081127
20081128
20081129
20081130
20081131
20081132
20081133
20081134
20081135
20081136
20081137
20081138