20081007
20081008
20081012
20081018
20081022
20081024
20081026
20081027
20081028
20081029
20081035
20081037
20081043
20081045
20081048
20081051
20081054
20081055
20081058
20081059
20081061
20081068
20081070
20081071
20081073
20081074
20081088
20081094
20081096
20081099
20081102
20081104
20081114
20081124
20081127
20081132
20081134
20081135
20081136
20082001
20082004
20082008
20082009
20082010
20082013
20082014
20082018
20082019
20082023
20082024
20082026
20082028
20082031
20082032
20082033
20082034
20082035
20082037
20082041
20082045
20082046
20082055
20082058
20082059
20082064
20082066
20082067
20082069
20082072
20082074
20082087
20082090
20082105
20082107
20082110
20082111
20082113
20082118
20082121
20082123
20082126
20082147
20082150
20082161
20082163
20082165
20082170
20082171
20082174
20082175
20082176
20082179
20082181
20082182
20082184
20082188
20082194
20082196
20082198
20082203
20082210
20082225
20082227
20082228
20082231
20082236
20082237
20082241
20082248
20082250
20082258
20082262
20082276
20082279
20082280
20082281
20082283
20082288
20082296
20082298
20082309
20082313
20082322
20082324
20082326
20082330
20082333
20082337
20082339
20082341
20082342
20082343
20082344
20082348
20082350
20082351
20082353
20082359
20082360
20082362
20082369
20082370
20082372
20082375
20082376
20082377
20083003
20083006
20083007
20083009
20083011
20083016
20083017
20083019
20083021
20083022
20083023
20083029
20083033
20083034
20083038
20083039
20083042
20083052
20083053
20083055
20083058
20083060
20083065
20083067
20083070
20083073
20083074
20083079
20083082
20083084
20083093
20083100
20083103
20083107
20083108
20083109
20083112
20083113
20083114
20083116
20083121
20083128
20083129
20083134
20083137
20083163
20083164
20083165
20083166
20083167
20083170
20083173
20083174
20083177
20083184
20083185
20083191
20083198
20083203
20083204
20083208
20083210
20083217
20083227
20084004
20084005
20084016
20084020
20084022
20084025
20084026
20084029
20084031
20084039
20084045
20084048
20084051
20084053
20084054
20084055
20084057
20084058
20084065
20084066
20084067
20084071
20084077
20084085
20085001
20085008
20085010
20085016
20085017
20085020
20085021
20085022
20085025
20085026
20085033
20085035
20085037
20085040
20085043
20085055
