20211003
20211004
20211005
20211009
20211013
20211015
20211018
20211022
20211025
20211026
20211031
20211032
20211033
20211040
20211045
20211046
20211047
20211052
20211059
20211061
20211062
20211063
20211067
20211071
20211078
20211080
20211089
20211091
20212001
20212004
20212006
20212008
20212011
20212013
20212014
20212019
20212021
20212029
20212031
20212035
20212040
20212044
20212052
20212054
20212056
20212058
20212059
20212061
20212068
20212075
20212078
20212082
20212084
20212085
20212086
20212091
20212099
20212100
20212105
20212110
20212112
20212122
20212133
20212137
20212139
20212141
20212145
20212148
20212149
20212150
20212151
20212155
20212158
20212160
20212161
20212163
20212166
20212167
20212169
20212171
20212175
20212177
20212181
20212188
20212197
20212198
20212199
20212201
20212203
20213008
20213009
20213012
20213022
20213023
20213024
20213029
20213030
20213037
20213039
20213041
20213043
20213044
20213045
20213046
20213048
20213054
20213055
20213056
20213063
20213067
20213070
20213071
20213074
20213079
20213080
20213087
20213089
20213091
20213098
20213101
20213104
20213106
20213110
20213111
20213116
20213118
20213120
20213123
20213124
20213127
20213137
20213141
20213143
20213146
20213153
20213154
20213155
20213161
20213164
20213165
20213167
20213168
20213176
20213184
20213187
20213190
20213191
20213192
20213193
20213195
20213198
20213199
20213203
20213205
20213206
20213209
20213220
20213223
20213225
20213229
20213230
20213235
20213236
20213239
20213240
20213241
20213244
20213252
20213253
20213254
20213255
20213259
20213266
20213271
20213277
20213278
20213286
20213287
20213295
20213299
20213302
20213309
20213310
20214009
20214010
20214014
20214015
20214016
20214017
20214023
20214025
20214027
20214029
20214036
20214038
20214042
20214043
20214052
20214053
20214054
20214057
20214058
20214060
20214066
20214067
20214068
20214070
20214072
20214073
20214078
20214085
20214086
20215005
20215006
20215007
20215008
20215009
20215015
20215017
20215023
20215026
20215032
20215035
20215042
20215049
20215053
20215062
20215065
20215068
20215069
20215073
20215075
20215076
20215077
20215078
20215082
20215084
20215085
20215088
20215090
20215094
20215098
20215099
20215102
20215104
20215106
20215108
20215111
20215118
20215119
