20213001
20213002
20213003
20213004
20213005
20213006
20213007
20213008
20213009
20213010
20213011
20213012
20213013
20213014
20213015
20213016
20213017
20213018
20213019
20213020
20213021
20213022
20213023
20213024
20213025
20213026
20213027
20213028
20213029
20213030
20213031
20213032
20213033
20213034
20213035
20213036
20213037
20213038
20213039
20213040
20213041
20213042
20213043
20213044
20213045
20213046
20213047
20213048
20213049
20213050
20213051
20213052
20213053
20213054
20213055
20213056
20213057
20213058
20213059
20213060
20213061
20213062
20213063
20213064
20213065
20213066
20213067
20213068
20213069
20213070
20213071
20213072
20213073
20213074
20213075
20213076
20213077
20213078
20213079
20213080
20213081
20213082
20213083
20213084
20213085
20213086
20213087
20213088
20213089
20213090
20213091
20213092
20213093
20213094
20213095
20213096
20213097
20213098
20213099
20213100
20213101
20213102
20213103
20213104
20213105
20213106
20213107
20213108
20213109
20213110
20213111
20213112
20213113
20213114
20213115
20213116
20213117
20213118
20213119
20213120
20213121
20213122
20213123
20213124
20213125
20213126
20213127
20213128
20213129
20213130
20213131
20213132
20213133
20213134
20213135
20213136
20213137
20213138
20213139
20213140
20213141
20213142
20213143
20213144
20213145
20213146
20213147
20213148
20213149
20213150
20213151
20213152
20213153
20213154
20213155
20213156
20213157
20213158
20213159
20213160
20213161
20213162
20213163
20213164
20213165
20213166
20213167
20213168
20213169
20213170
20213171
20213172
20213173
20213174
20213175
20213176
20213177
20213178
20213179
20213180
20213181
20213182
20213183
20213184
20213185
20213186
20213187
20213188
20213189
20213190
20213191
20213192
20213193
20213194
20213195
20213196
20213197
20213198
20213199
20213200
20213201
20213202
20213203
20213204
20213205
20213206
20213207
20213208
20213209
20213210
20213211
20213212
20213213
20213214
20213215
20213216
20213217
20213218
20213219
20213220
20213221
20213222
20213223
20213224
20213225
20213226
20213227
20213228
20213229
20213230
20213231
20213232
20213233
20213234
20213235
20213236
20213237
20213238
20213239
20213240
20213241
20213242
20213243
20213244
20213245
20213246
20213247
20213248
20213249
20213250
20213251
20213252
20213253
20213254
20213255
20213256
20213257
20213258
20213259
20213260
20213261
20213262
20213263
20213264
20213265
20213266
20213267
20213268
20213269
20213270
20213271
20213272
20213273
20213274
20213275
20213276
20213277
20213278
20213279
20213280
20213281
20213282
20213283
20213284
20213285
20213286
20213287
20213288
20213289
20213290
20213291
20213292
20213293
20213294
20213295
20213296
20213297
20213298
20213299
20213300
20213301
20213302
20213303
20213304
20213305
20213306
20213307
20213308
20213309
20213310