20083001
20083002
20083003
20083004
20083005
20083006
20083007
20083008
20083009
20083010
20083011
20083012
20083013
20083014
20083015
20083016
20083017
20083018
20083019
20083020
20083021
20083022
20083023
20083024
20083025
20083026
20083027
20083028
20083029
20083030
20083031
20083032
20083033
20083034
20083035
20083036
20083037
20083038
20083039
20083040
20083041
20083042
20083043
20083044
20083045
20083046
20083047
20083048
20083049
20083050
20083051
20083052
20083053
20083054
20083055
20083056
20083057
20083058
20083059
20083060
20083061
20083062
20083063
20083064
20083065
20083066
20083067
20083068
20083069
20083070
20083071
20083072
20083073
20083074
20083075
20083076
20083077
20083078
20083079
20083080
20083081
20083082
20083083
20083084
20083085
20083086
20083087
20083088
20083089
20083090
20083091
20083092
20083093
20083094
20083095
20083096
20083097
20083098
20083099
20083100
20083101
20083102
20083103
20083104
20083105
20083106
20083107
20083108
20083109
20083110
20083111
20083112
20083113
20083114
20083115
20083116
20083117
20083118
20083119
20083120
20083121
20083122
20083123
20083124
20083125
20083126
20083127
20083128
20083129
20083130
20083131
20083132
20083133
20083134
20083135
20083136
20083137
20083138
20083139
20083140
20083141
20083142
20083143
20083144
20083145
20083146
20083147
20083148
20083149
20083150
20083151
20083152
20083153
20083154
20083155
20083156
20083157
20083158
20083159
20083160
20083161
20083162
20083163
20083164
20083165
20083166
20083167
20083168
20083169
20083170
20083171
20083172
20083173
20083174
20083175
20083176
20083177
20083178
20083179
20083180
20083181
20083182
20083183
20083184
20083185
20083186
20083187
20083188
20083189
20083190
20083191
20083192
20083193
20083194
20083195
20083196
20083197
20083198
20083199
20083200
20083201
20083202
20083203
20083204
20083205
20083206
20083207
20083208
20083209
20083210
20083211
20083212
20083213
20083214
20083215
20083216
20083217
20083218
20083219
20083220
20083221
20083222
20083223
20083224
20083225
20083226
20083227