20082001
20082002
20082003
20082004
20082005
20082006
20082007
20082008
20082009
20082010
20082011
20082012
20082013
20082014
20082015
20082016
20082017
20082018
20082019
20082020
20082021
20082022
20082023
20082024
20082025
20082026
20082027
20082028
20082029
20082030
20082031
20082032
20082033
20082034
20082035
20082036
20082037
20082038
20082039
20082040
20082041
20082042
20082043
20082044
20082045
20082046
20082047
20082048
20082049
20082050
20082051
20082052
20082053
20082054
20082055
20082056
20082057
20082058
20082059
20082060
20082061
20082062
20082063
20082064
20082065
20082066
20082067
20082068
20082069
20082070
20082071
20082072
20082073
20082074
20082075
20082076
20082077
20082078
20082079
20082080
20082081
20082082
20082083
20082084
20082085
20082086
20082087
20082088
20082089
20082090
20082091
20082092
20082093
20082094
20082095
20082096
20082097
20082098
20082099
20082100
20082101
20082102
20082103
20082104
20082105
20082106
20082107
20082108
20082109
20082110
20082111
20082112
20082113
20082114
20082115
20082116
20082117
20082118
20082119
20082120
20082121
20082122
20082123
20082124
20082125
20082126
20082127
20082128
20082129
20082130
20082131
20082132
20082133
20082134
20082135
20082136
20082137
20082138
20082139
20082140
20082141
20082142
20082143
20082144
20082145
20082146
20082147
20082148
20082149
20082150
20082151
20082152
20082153
20082154
20082155
20082156
20082157
20082158
20082159
20082160
20082161
20082162
20082163
20082164
20082165
20082166
20082167
20082168
20082169
20082170
20082171
20082172
20082173
20082174
20082175
20082176
20082177
20082178
20082179
20082180
20082181
20082182
20082183
20082184
20082185
20082186
20082187
20082188
20082189
20082190
20082191
20082192
20082193
20082194
20082195
20082196
20082197
20082198
20082199
20082200
20082201
20082202
20082203
20082204
20082205
20082206
20082207
20082208
20082209
20082210
20082211
20082212
20082213
20082214
20082215
20082216
20082217
20082218
20082219
20082220
20082221
20082222
20082223
20082224
20082225
20082226
20082227
20082228
20082229
20082230
20082231
20082232
20082233
20082234
20082235
20082236
20082237
20082238
20082239
20082240
20082241
20082242
20082243
20082244
20082245
20082246
20082247
20082248
20082249
20082250
20082251
20082252
20082253
20082254
20082255
20082256
20082257
20082258
20082259
20082260
20082261
20082262
20082263
20082264
20082265
20082266
20082267
20082268
20082269
20082270
20082271
20082272
20082273
20082274
20082275
20082276
20082277
20082278
20082279
20082280
20082281
20082282
20082283
20082284
20082285
20082286
20082287
20082288
20082289
20082290
20082291
20082292
20082293
20082294
20082295
20082296
20082297
20082298
20082299
20082300
20082301
20082302
20082303
20082304
20082305
20082306
20082307
20082308
20082309
20082310
20082311
20082312
20082313
20082314
20082315
20082316
20082317
20082318
20082319
20082320
20082321
20082322
20082323
20082324
20082325
20082326
20082327
20082328
20082329
20082330
20082331
20082332
20082333
20082334
20082335
20082336
20082337
20082338
20082339
20082340
20082341
20082342
20082343
20082344
20082345
20082346
20082347
20082348
20082349
20082350
20082351
20082352
20082353
20082354
20082355
20082356
20082357
20082358
20082359
20082360
20082361
20082362
20082363
20082364
20082365
20082366
20082367
20082368
20082369
20082370
20082371
20082372
20082373
20082374
20082375
20082376
20082377
20082378
20082379