20212001
20212002
20212003
20212004
20212005
20212006
20212007
20212008
20212009
20212010
20212011
20212012
20212013
20212014
20212015
20212016
20212017
20212018
20212019
20212020
20212021
20212022
20212023
20212024
20212025
20212026
20212027
20212028
20212029
20212030
20212031
20212032
20212033
20212034
20212035
20212036
20212037
20212038
20212039
20212040
20212041
20212042
20212043
20212044
20212045
20212046
20212047
20212048
20212049
20212050
20212051
20212052
20212053
20212054
20212055
20212056
20212057
20212058
20212059
20212060
20212061
20212062
20212063
20212064
20212065
20212066
20212067
20212068
20212069
20212070
20212071
20212072
20212073
20212074
20212075
20212076
20212077
20212078
20212079
20212080
20212081
20212082
20212083
20212084
20212085
20212086
20212087
20212088
20212089
20212090
20212091
20212092
20212093
20212094
20212095
20212096
20212097
20212098
20212099
20212100
20212101
20212102
20212103
20212104
20212105
20212106
20212107
20212108
20212109
20212110
20212111
20212112
20212113
20212114
20212115
20212116
20212117
20212118
20212119
20212120
20212121
20212122
20212123
20212124
20212125
20212126
20212127
20212128
20212129
20212130
20212131
20212132
20212133
20212134
20212135
20212136
20212137
20212138
20212139
20212140
20212141
20212142
20212143
20212144
20212145
20212146
20212147
20212148
20212149
20212150
20212151
20212152
20212153
20212154
20212155
20212156
20212157
20212158
20212159
20212160
20212161
20212162
20212163
20212164
20212165
20212166
20212167
20212168
20212169
20212170
20212171
20212172
20212173
20212174
20212175
20212176
20212177
20212178
20212179
20212180
20212181
20212182
20212183
20212184
20212185
20212186
20212187
20212188
20212189
20212190
20212191
20212192
20212193
20212194
20212195
20212196
20212197
20212198
20212199
20212200
20212201
20212202
20212203