20084001
20084002
20084003
20084004
20084005
20084006
20084007
20084008
20084009
20084010
20084011
20084012
20084013
20084014
20084015
20084016
20084017
20084018
20084019
20084020
20084021
20084022
20084023
20084024
20084025
20084026
20084027
20084028
20084029
20084030
20084031
20084032
20084033
20084034
20084035
20084036
20084037
20084038
20084039
20084040
20084041
20084042
20084043
20084044
20084045
20084046
20084047
20084048
20084049
20084050
20084051
20084052
20084053
20084054
20084055
20084056
20084057
20084058
20084059
20084060
20084061
20084062
20084063
20084064
20084065
20084066
20084067
20084068
20084069
20084070
20084071
20084072
20084073
20084074
20084075
20084076
20084077
20084078
20084079
20084080
20084081
20084082
20084083
20084084
20084085
20084086
20084087