20215001
20215002
20215003
20215004
20215005
20215006
20215007
20215008
20215009
20215010
20215011
20215012
20215013
20215014
20215015
20215016
20215017
20215018
20215019
20215020
20215021
20215022
20215023
20215024
20215025
20215026
20215027
20215028
20215029
20215030
20215031
20215032
20215033
20215034
20215035
20215036
20215037
20215038
20215039
20215040
20215041
20215042
20215043
20215044
20215045
20215046
20215047
20215048
20215049
20215050
20215051
20215052
20215053
20215054
20215055
20215056
20215057
20215058
20215059
20215060
20215061
20215062
20215063
20215064
20215065
20215066
20215067
20215068
20215069
20215070
20215071
20215072
20215073
20215074
20215075
20215076
20215077
20215078
20215079
20215080
20215081
20215082
20215083
20215084
20215085
20215086
20215087
20215088
20215089
20215090
20215091
20215092
20215093
20215094
20215095
20215096
20215097
20215098
20215099
20215100
20215101
20215102
20215103
20215104
20215105
20215106
20215107
20215108
20215109
20215110
20215111
20215112
20215113
20215114
20215115
20215116
20215117
20215118
20215119
20215120
20215121
20215122
20215123
20215124
20215125